安徽安庆                1,0,1
安徽蚌埠                1,0,1
安徽亳州                1,0,1
安徽巢湖                1,0,1
安徽池州		1,0,1
安徽滁州		1,0,1
安徽阜阳		1,0,1
安徽合肥		1,0,3
安徽淮北		1,0,1
安徽淮南		1,0,1
安徽黄山		1,0,1
安徽六安		1,0,1
安徽马鞍山		1,0,1
安徽铜陵		1,0,1
安徽芜湖		1,0,2
安徽宿州		1,0,1
安徽宣城		1,0,1
澳门澳门		0,-1,4
北京		0,1,4
钓鱼岛钓鱼岛	1,0,1
福建福州		1,0,3
福建龙岩		1,0,1
福建南平		1,0,1
福建宁德		1,0,1
福建莆田		1,0,1
福建泉州		1,0,2
福建三明		1,0,1
福建厦门		1,0,3
福建漳州		1,0,2
甘肃白银		-1,1,1
甘肃定西		-1,1,2
甘肃甘南		-1,1,2
甘肃金昌		-1,1,2
甘肃兰州		-1,1,2
甘肃平凉		-1,1,1
甘肃庆阳		-1,1,1
甘肃天水		-1,1,1
甘肃张掖		-1,1,1
广东潮阳		0,-1,1
广东潮州		0,-1,1
广东东莞		0,-1,3
广东佛山		0,-1,3
广东广州		0,-1,4
广东河源		0,-1,1
广东惠州		0,-1,1
广东江门		0,-1,1
广东揭阳		0,-1,1
广东茂名		0,-1,1
广东梅州		0,-1,1
广东清远		0,-1,1
广东汕头		0,-1,1
广东汕尾		0,-1,1
广东韶关		0,-1,1
广东深圳		0,-1,4
广东顺德		0,-1,1
广东阳江		0,-1,1
广东云浮		0,-1,1
广东湛江		0,-1,1
广东肇庆		0,-1,1
广东中山		0,-1,1
广东珠海		0,-1,1
广西百色		0,-1,1
广西北海		0,-1,1
广西防城港		0,-1,1
广西贵港		0,-1,1
广西桂林		0,-1,1
广西河池		0,-1,1
广西贺州		0,-1,1
广西来宾		0,-1,1
广西柳州		0,-1,1
广西南宁		0,-1,3
广西钦州		0,-1,1
广西梧州		0,-1,1
广西玉林		0,-1,1
贵州安顺		-1,-1,1
贵州毕节		-1,-1,1
贵州都匀		-1,-1,1
贵州贵阳		-1,-1,1
贵州凯里		-1,-1,1
贵州六盘水		-1,-1,1
贵州黔东南		-1,-1,1
贵州黔南		-1,-1,1
贵州黔西南		-1,-1,1
贵州遵义		-1,-1,1
海南儋州		0,-1,1
海南海口		0,-1,1
海南三亚		0,-1,1
河北保定		0,1,2
河北沧州		0,1,2
河北承德		0,1,1
河北邯郸		0,1,2
河北衡水		0,1,1
河北廊坊		0,1,2
河北秦皇岛		0,1,1
河北石家庄		0,1,3
河北唐山		0,1,1
河北邢台		0,1,1
河北张家口		0,1,1
河南安阳		0,0,1
河南鹤壁		0,0,1
河南济源		0,0,1
河南焦作		0,0,1
河南开封		0,0,1
河南洛阳		0,0,2
河南漯河		0,0,1
河南南阳		0,0,2
河南平顶山		0,0,1
河南濮阳		0,0,1
河南三门峡		0,0,1
河南商丘		0,0,1
河南新乡		0,0,1
河南信阳		0,0,1
河南许昌		0,0,1
河南郑州		0,0,3
河南周口		0,0,1
河南驻马店		0,0,1
黑龙江大庆		1,1,2
黑龙江大兴安岭	        1,1,1
黑龙江哈尔滨	        1,1,3
黑龙江鹤岗		1,1,1
黑龙江黑河		1,1,1
黑龙江鸡西		1,1,1
黑龙江佳木斯	        1,1,1
黑龙江牡丹江	        1,1,1
黑龙江齐齐哈尔	        1,1,1
黑龙江双鸭山	        1,1,1
黑龙江绥化		1,1,1
黑龙江未知		1,1,1
黑龙江伊春		1,1,1
湖北鄂州		0,0,1
湖北恩施		0,0,1
湖北黄冈		0,0,1
湖北黄石		0,0,1
湖北荆门		0,0,1
湖北荆州		0,0,1
湖北潜江		0,0,1
湖北神农架林区	        0,0,1
湖北十堰		0,0,1
湖北随州		0,0,1
湖北武汉		0,0,3
湖北仙桃		0,0,1
湖北咸宁		0,0,1
湖北襄阳		0,0,2
湖北孝感		0,0,1
湖北宜昌		0,0,2
湖南		        0,0,0
湖南常德		0,0,2
湖南郴州		0,0,1
湖南衡阳		0,0,1
湖南怀化		0,0,1
湖南吉首		0,0,1
湖南娄底		0,0,1
湖南邵阳		0,0,1
湖南湘潭		0,0,1
湖南湘西		0,0,1
湖南益阳		0,0,1
湖南永州		0,0,1
湖南岳阳		0,0,2
湖南张家界		0,0,1
湖南长沙		0,0,3
湖南株洲		0,0,1
吉林白城		1,1,1
吉林白山		1,1,1
吉林吉林		1,1,2
吉林辽源		1,1,1
吉林梅河口		1,1,1
吉林四平		1,1,1
吉林松原		1,1,1
吉林通化		1,1,1
吉林延边		1,1,1
吉林延吉		1,1,1
吉林长春		1,1,3
江苏常州		1,0,2
江苏淮安		1,0,2
江苏连云港		1,0,1
江苏南京		1,0,3
江苏南通		1,0,2
江苏苏州		1,0,3
江苏泰州		1,0,2
江苏无锡		1,0,3
江苏宿迁		1,0,1
江苏徐州		1,0,2
江苏盐城		1,0,2
江苏扬州		1,0,2
江苏镇江		1,0,2
江西抚州		1,0,1
江西赣州		1,0,1
江西吉安		1,0,1
江西景德镇		1,0,1
江西九江		1,0,1
江西南昌		1,0,3
江西萍乡		1,0,1
江西上饶		1,0,1
江西新余		1,0,1
江西宜春		1,0,1
辽宁鞍山		1,1,2
辽宁本溪		1,1,1
辽宁朝阳		1,1,1
辽宁大连		1,1,3
辽宁丹东		1,1,1
辽宁抚顺		1,1,1
辽宁阜新		1,1,1
辽宁葫芦岛		1,1,1
辽宁锦州		1,1,1
辽宁辽阳		1,1,1
辽宁盘锦		1,1,1
辽宁沈阳		1,1,3
辽宁铁岭		1,1,1
辽宁营口		1,1,1
美国		
内蒙古阿拉善	        0,1,1
内蒙古包头		0,1,2
内蒙古赤峰		0,1,1
内蒙古鄂尔多斯	        0,1,2
内蒙古海拉尔	        0,1,1
内蒙古呼和浩特	        0,1,2
内蒙古呼伦贝尔	        0,1,1
内蒙古通辽		0,1,1
内蒙古乌海		0,1,1
内蒙古乌兰察布	        0,1,1
内蒙古锡林郭勒	        0,1,1
内蒙古锡林浩特	        0,1,1
内蒙古兴安盟	        0,1,1
宁夏		        -1,1,0
宁夏固原		-1,1,1
宁夏石嘴山		-1,1,1
宁夏银川		-1,1,2
宁夏中卫		
爱尔兰		
奥地利		
澳大利亚		
丹麦		
德国		
俄罗斯		
法国		
韩国		
荷兰		
加拿大		
马来西亚		
南非		
挪威		
葡萄牙		
其他		
日本		
瑞典		
瑞士		
泰国		
西班牙		
新加坡		
新西兰		
以色列		
意大利		
印尼		
英国		
越南		
青海海北		-1,1,1
青海海东		-1,1,1
青海海西		-1,1,1
青海西宁		-1,1,2
山东		        1,0,0
山东滨州		1,0,2
山东德州		1,0,2
山东东营		1,0,2
山东菏泽		1,0,2
山东济南		1,0,3
山东济宁		1,0,2
山东莱芜		1,0,1
山东聊城		1,0,2
山东临沂		1,0,2
山东青岛		1,0,3
山东日照		1,0,1
山东泰安		1,0,2
山东威海		1,0,2
山东潍坊		1,0,2
山东烟台		1,0,3
山东枣庄		1,0,1
山东淄博		1,0,3
山西大同		0,1,1
山西晋城		0,1,1
山西晋中		0,1,1
山西临汾		0,1,1
山西吕梁		0,1,1
山西朔州		0,1,1
山西太原		0,1,3
山西忻州		0,1,1
山西阳泉		0,1,1
山西运城		0,1,1
山西长治		0,1,1
陕西安康		-1,1,1
陕西宝鸡		-1,1,2
陕西汉中		-1,1,1
陕西商洛		-1,1,1
陕西铜川		-1,1,1
陕西渭南		-1,1,1
陕西西安		-1,1,3
陕西咸阳		-1,1,1
陕西延安		-1,1,1
陕西榆林		-1,1,2
上海		         1,0,4
四川		        -1,-1,0
四川阿坝		-1,-1,1
四川巴中		-1,-1,1
四川成都		-1,-1,3
四川达州		-1,-1,1
四川德阳		-1,-1,1
四川甘孜		-1,-1,1
四川广安		-1,-1,1
四川广元		-1,-1,1
四川乐山		-1,-1,1
四川凉山		-1,-1,1
四川泸州		-1,-1,1
四川眉山		-1,-1,1
四川绵阳		-1,-1,1
四川南充		-1,-1,1
四川内江		-1,-1,1
四川攀枝花		-1,-1,1
四川遂宁		-1,-1,1
四川雅安		-1,-1,1
四川宜宾		-1,-1,1
四川资阳		-1,-1,1
四川自贡		-1,-1,1
台湾台湾		-1,-1,1
天津		         0,1,4
西藏拉萨		-1,-1,1
西藏林芝		-1,-1,1
西藏日喀则		-1,-1,1
香港香港		0,-1,4
新疆阿克苏		-1,1,1
新疆阿勒泰		-1,1,1
新疆巴音郭楞	        -1,1,1
新疆哈密		-1,1,1
新疆和田		-1,1,1
新疆喀什		-1,1,1
新疆克拉玛依	        -1,1,1
新疆奎屯		-1,1,1
新疆石河子		-1,1,1
新疆乌鲁木齐	        -1,1,2
新疆伊犁		-1,1,1
云南保山		-1,-1,1
云南楚雄		-1,-1,1
云南大理		-1,-1,1
云南红河		-1,-1,1
云南昆明		-1,-1,3
云南丽江		-1,-1,1
云南怒江		-1,-1,1
云南怒江傈		-1,-1,1
云南普洱		-1,-1,1
云南曲靖		-1,-1,1
云南文山		-1,-1,1
云南西双版纳	        -1,-1,1
云南玉溪		-1,-1,1
云南昭通		-1,-1,1
浙江杭州		1,0,3
浙江湖州		1,0,1
浙江嘉兴		1,0,2
浙江金华		1,0,2
浙江丽水		1,0,1
浙江宁波		1,0,3
浙江衢州		1,0,1
浙江绍兴		1,0,2
浙江台州		1,0,2
浙江温州		1,0,3
浙江舟山		1,0,1
重庆		        -1,-1,3
